FASE 2 - OSCILACION LIBRE DEL PENDULO
Generado: 2026-06-28 21:53:10.562758

T = 0.812222 s
omega_n = 7.735796 rad/s
M = 0.71 kg
l = 0.1 m
I_p = 0.011639 kg*m^2
